336.303785	822.467372	0.000000	364.503770	6.330727
337.570147	822.468550	4120.000000	364.503248	6.330727
338.189595	822.468664	4450.000000	364.503197	6.330727
336.777763	822.468728	5650.000000	364.503169	6.330727
338.576845	822.468811	5540.000000	364.503132	6.330727
337.842326	822.468895	5600.000000	364.503095	6.335878
337.873521	822.468965	5850.000000	364.503064	6.330727
338.161201	822.469040	5340.000000	364.503031	6.332015
338.222338	822.469095	5360.000000	364.503007	6.332015
338.455317	822.469155	4900.000000	364.502980	6.333302
339.461504	822.469202	4090.000000	364.502959	6.333302
338.213330	822.469268	3730.000000	364.502930	6.333302
336.324483	822.469328	3220.000000	364.502903	6.333302
339.735125	822.469404	2490.000000	364.502870	6.334590
339.302969	822.469465	1820.000000	364.502843	6.335878
338.150627	822.469534	1530.000000	364.502812	6.334590
338.280052	822.469575	1330.000000	364.502794	6.337165
338.024140	822.469638	1260.000000	364.502766	6.337165
337.222725	822.469685	870.000000	364.502745	6.335878
339.911930	822.469759	860.000000	364.502712	6.337165
339.819535	822.469821	530.000000	364.502685	6.337165
341.402635	822.469902	410.000000	364.502649	6.338453
340.471005	822.469956	260.000000	364.502625	6.338453
337.458930	822.470019	250.000000	364.502597	6.339741
338.517184	822.470077	140.000000	364.502571	6.341028
337.240754	822.470130	170.000000	364.502548	6.341028
339.623663	822.470089	90.000000	364.502566	6.341028
338.887594	822.470051	180.000000	364.502583	6.344891
337.873413	822.469997	220.000000	364.502607	6.339741
337.652668	822.469941	280.000000	364.502632	6.338453
339.423026	822.469874	350.000000	364.502661	6.338453
337.212339	822.469816	520.000000	364.502687	6.338453
338.966694	822.469744	580.000000	364.502719	6.337165
338.961975	822.469694	870.000000	364.502741	6.335878
333.793633	822.469636	1180.000000	364.502767	6.337165
339.192019	822.469586	1300.000000	364.502789	6.334590
337.053363	822.469528	1400.000000	364.502815	6.333302
339.288076	822.469474	2260.000000	364.502839	6.333302
336.857834	822.469407	2170.000000	364.502868	6.333302
338.208784	822.469346	2580.000000	364.502896	6.333302
338.501280	822.469283	3260.000000	364.502923	6.333302
340.572314	822.469227	4400.000000	364.502948	6.332015
337.562974	822.469172	4150.000000	364.502972	6.330727
338.415480	822.469119	4370.000000	364.502996	6.330727
338.599587	822.469055	5070.000000	364.503024	6.330727
338.744024	822.468976	5120.000000	364.503059	6.330727
338.368924	822.468919	5910.000000	364.503085	6.330727
339.573052	822.468839	5960.000000	364.503120	6.330727
337.935251	822.468791	5990.000000	364.503142	6.329439
338.971160	822.468729	5370.000000	364.503169	6.329439
337.692466	822.468678	5520.000000	364.503191	6.329439
337.972847	822.468614	4650.000000	364.503220	6.329439
336.798504	822.468555	4460.000000	364.503246	6.329439
336.821224	822.468476	3890.000000	364.503281	6.329439
337.175262	822.468418	3190.000000	364.503307	6.328152
338.324407	822.468355	3180.000000	364.503335	6.329439
338.043738	822.468307	2370.000000	364.503356	6.328152
338.401258	822.468247	1970.000000	364.503382	6.326864
338.593416	822.468200	1920.000000	364.503403	6.328152
337.103778	822.468132	1410.000000	364.503434	6.332015
337.671638	822.468072	960.000000	364.503460	6.326864
336.980408	822.468003	870.000000	364.503490	6.328152
336.071607	822.467929	420.000000	364.503524	6.326864
336.588860	822.467885	420.000000	364.503543	6.325577
338.355864	822.467825	480.000000	364.503570	6.325577
335.207329	822.467772	290.000000	364.503593	6.328152
337.895713	822.467701	140.000000	364.503625	6.328152
337.933109	822.467646	120.000000	364.503649	6.328152
338.070566	822.467563	80.000000	364.503686	6.328152
334.900310	822.467513	280.000000	364.503708	6.328152
335.930854	822.467441	120.000000	364.503740	6.328152
334.085136	822.467398	100.000000	364.503759	6.328152
336.282307	822.467334	280.000000	364.503787	6.328152
337.849202	822.467283	80.000000	364.503810	6.328152
336.704610	822.467209	40.000000	364.503843	6.328152
337.583986	822.467149	60.000000	364.503869	6.328152
336.646725	822.467192	220.000000	364.503850	6.328152
333.610208	822.467235	140.000000	364.503831	6.329439
337.487559	822.467304	40.000000	364.503800	6.329439
336.519647	822.467352	100.000000	364.503779	6.329439
338.563834	822.467414	110.000000	364.503752	6.329439
336.593700	822.467472	80.000000	364.503726	6.328152
335.201840	822.467522	130.000000	364.503704	6.328152
336.895161	822.467590	30.000000	364.503674	6.328152
338.432794	822.467651	210.000000	364.503647	6.328152
335.645071	822.467720	280.000000	364.503616	6.328152
336.540678	822.467779	290.000000	364.503590	6.328152
336.962589	822.467835	460.000000	364.503565	6.329439
338.087626	822.467884	420.000000	364.503543	6.329439
336.317471	822.467943	600.000000	364.503517	6.328152
337.915940	822.467999	610.000000	364.503492	6.329439
337.360513	822.468069	960.000000	364.503461	6.326864
337.479260	822.468127	1370.000000	364.503435	6.328152
336.820506	822.468196	1290.000000	364.503405	6.328152
336.641485	822.468248	2180.000000	364.503382	6.330727
338.570329	822.468307	2180.000000	364.503356	6.328152
337.601996	822.468354	3000.000000	364.503335	6.330727
337.795755	822.468421	2840.000000	364.503305	6.330727
338.476427	822.468473	4150.000000	364.503282	6.329439
339.834130	822.468556	4390.000000	364.503245	6.329439
338.794342	822.468609	4970.000000	364.503222	6.329439
334.344107	822.468680	5290.000000	364.503190	6.329439
337.262768	822.468746	5560.000000	364.503162	6.330727
334.944431	822.468798	5780.000000	364.503138	6.330727
337.653834	822.468859	5760.000000	364.503111	6.332015
336.811642	822.468923	5620.000000	364.503083	6.332015
338.198743	822.468995	5590.000000	364.503051	6.326864
337.041875	822.469063	5900.000000	364.503021	6.332015
338.600446	822.469126	4900.000000	364.502993	6.332015
337.275820	822.469173	4520.000000	364.502972	6.332015
336.320549	822.469229	4240.000000	364.502947	6.333302
340.166562	822.469283	3230.000000	364.502923	6.333302
338.600901	822.469347	3120.000000	364.502895	6.334590
337.174352	822.469411	2640.000000	364.502867	6.334590
340.752664	822.469486	2240.000000	364.502833	6.335878
339.198590	822.469541	1660.000000	364.502809	6.335878
338.287067	822.469603	1250.000000	364.502781	6.334590
338.412070	822.469648	1110.000000	364.502762	6.337165
340.417029	822.469708	860.000000	364.502735	6.337165
337.346876	822.469756	690.000000	364.502714	6.338453
338.961438	822.469843	450.000000	364.502675	6.339741
339.276570	822.469914	450.000000	364.502644	6.339741
337.754451	822.469978	300.000000	364.502615	6.338453
339.864545	822.470037	280.000000	364.502589	6.338453
336.531876	822.470090	220.000000	364.502565	6.339741
339.459173	822.470143	70.000000	364.502542	6.341028
339.743125	822.470108	110.000000	364.502558	6.339741
338.032979	822.470051	200.000000	364.502583	6.339741
340.808610	822.470011	170.000000	364.502601	6.338453
336.538666	822.469953	220.000000	364.502626	6.337165
338.243623	822.469895	320.000000	364.502652	6.337165
339.725267	822.469820	550.000000	364.502685	6.337165
338.570709	822.469765	710.000000	364.502710	6.334590
336.381313	822.469698	700.000000	364.502739	6.335878
341.020981	822.469652	1270.000000	364.502760	6.335878
339.769609	822.469592	1110.000000	364.502786	6.334590
339.197033	822.469546	1440.000000	364.502807	6.334590
337.909631	822.469480	1870.000000	364.502836	6.333302
337.517056	822.469418	2000.000000	364.502863	6.333302
336.509649	822.469351	2760.000000	364.502893	6.333302
336.209271	822.469286	3100.000000	364.502922	6.333302
336.428045	822.469239	3820.000000	364.502943	6.333302
337.259968	822.469174	4370.000000	364.502972	6.330727
338.488761	822.469125	4620.000000	364.502993	6.330727
337.140233	822.469051	4980.000000	364.503026	6.330727
335.099040	822.468993	5380.000000	364.503052	6.329439
337.525302	822.468917	6230.000000	364.503086	6.330727
339.447403	822.468861	6250.000000	364.503111	6.330727
338.767157	822.468787	5490.000000	364.503143	6.330727
337.018549	822.468746	5960.000000	364.503161	6.329439
337.561814	822.468679	5440.000000	364.503191	6.328152
339.610938	822.468628	5180.000000	364.503214	6.329439
337.541241	822.468546	4950.000000	364.503250	6.329439
338.664521	822.468487	4090.000000	364.503276	6.329439
335.093594	822.468420	3720.000000	364.503306	6.328152
337.018774	822.468370	2760.000000	364.503328	6.328152
336.632522	822.468312	2550.000000	364.503354	6.326864
339.580521	822.468260	2260.000000	364.503377	6.326864
334.709083	822.468196	1580.000000	364.503405	6.328152
336.382637	822.468140	1450.000000	364.503430	6.330727
336.793842	822.468065	1200.000000	364.503463	6.328152
336.001610	822.467993	790.000000	364.503495	6.328152
337.717704	822.467946	570.000000	364.503516	6.328152
339.689888	822.467879	540.000000	364.503546	6.328152
335.229146	822.467838	430.000000	364.503564	6.326864
337.788912	822.467766	240.000000	364.503596	6.328152
335.226779	822.467708	290.000000	364.503621	6.328152
335.775095	822.467634	180.000000	364.503654	6.328152
336.233529	822.467578	100.000000	364.503679	6.328152
337.107561	822.467508	80.000000	364.503710	6.326864
334.204053	822.467464	70.000000	364.503730	6.326864
334.772593	822.467400	80.000000	364.503758	6.328152
337.615529	822.467349	70.000000	364.503781	6.329439
338.129190	822.467275	50.000000	364.503813	6.328152
334.307231	822.467216	50.000000	364.503839	6.328152
337.606570	822.467149	60.000000	364.503869	6.328152
335.817850	822.467182	50.000000	364.503855	6.328152
336.070567	822.467245	50.000000	364.503827	6.329439
336.344563	822.467294	70.000000	364.503805	6.328152
337.306606	822.467360	120.000000	364.503775	6.330727
334.212365	822.467417	160.000000	364.503750	6.328152
336.888664	822.467467	100.000000	364.503728	6.329439
334.827983	822.467529	160.000000	364.503701	6.329439
335.888179	822.467579	130.000000	364.503679	6.329439
338.183781	822.467649	130.000000	364.503648	6.329439
338.327201	822.467712	190.000000	364.503620	6.328152
338.323093	822.467777	330.000000	364.503591	6.328152
335.914796	822.467837	380.000000	364.503564	6.329439
335.988268	822.467890	550.000000	364.503541	6.328152
337.015500	822.467944	580.000000	364.503517	6.328152
338.479072	822.468000	660.000000	364.503492	6.329439
337.456638	822.468063	1290.000000	364.503464	6.329439
335.282745	822.468137	1040.000000	364.503431	6.328152
337.389311	822.468191	1580.000000	364.503407	6.329439
336.595320	822.468258	1930.000000	364.503378	6.328152
338.151168	822.468310	2440.000000	364.503355	6.328152
338.186519	822.468368	2530.000000	364.503329	6.330727
339.502823	822.468416	3270.000000	364.503307	6.330727
338.451969	822.468482	3640.000000	364.503278	6.332015
336.319092	822.468557	3740.000000	364.503245	6.330727
338.727606	822.468621	4680.000000	364.503217	6.329439
336.487212	822.468689	5420.000000	364.503186	6.330727
335.703668	822.468742	5710.000000	364.503163	6.330727
337.084652	822.468803	5560.000000	364.503136	6.334590
336.202814	822.468854	5820.000000	364.503114	6.330727
337.838193	822.468919	5990.000000	364.503084	6.330727
338.118115	822.468985	5910.000000	364.503055	6.333302
337.875722	822.469061	5710.000000	364.503022	6.332015
339.439554	822.469121	5220.000000	364.502995	6.333302
338.483731	822.469184	4440.000000	364.502967	6.333302
337.719097	822.469229	4050.000000	364.502947	6.333302
336.353003	822.469293	3970.000000	364.502919	6.333302
338.648752	822.469343	2720.000000	364.502897	6.334590
339.066020	822.469413	2660.000000	364.502866	6.334590
337.766973	822.469477	2330.000000	364.502837	6.335878
339.514960	822.469549	1410.000000	364.502805	6.335878
338.126948	822.469600	1380.000000	364.502783	6.337165
337.979153	822.469660	1090.000000	364.502756	6.338453
339.891136	822.469723	880.000000	364.502728	6.337165
339.482622	822.469771	620.000000	364.502707	6.339741
338.683746	822.469837	470.000000	364.502678	6.337165
339.371265	822.469901	410.000000	364.502649	6.342316
337.871094	822.469981	240.000000	364.502614	6.338453
337.682078	822.470041	220.000000	364.502587	6.343603
337.719465	822.470096	100.000000	364.502563	6.339741
336.786076	822.470151	130.000000	364.502539	6.342316
339.624264	822.470105	130.000000	364.502559	6.342316
339.458756	822.470075	230.000000	364.502572	6.341028
339.324246	822.470012	220.000000	364.502600	6.338453
339.462835	822.469960	260.000000	364.502623	6.339741
335.650242	822.469893	260.000000	364.502653	6.338453
339.402228	822.469829	430.000000	364.502682	6.338453
336.142094	822.469767	490.000000	364.502709	6.335878
338.431717	822.469716	1000.000000	364.502731	6.335878
336.209978	822.469661	1120.000000	364.502756	6.337165
337.191653	822.469615	1170.000000	364.502776	6.337165
339.060073	822.469555	1450.000000	364.502803	6.334590
339.601659	822.469477	1740.000000	364.502837	6.334590
339.287617	822.469417	2180.000000	364.502864	6.333302
339.879845	822.469347	2870.000000	364.502895	6.333302
337.961003	822.469301	3050.000000	364.502915	6.333302
339.577884	822.469234	3910.000000	364.502945	6.333302
338.048331	822.469195	3610.000000	364.502963	6.333302
340.005874	822.469130	4640.000000	364.502991	6.332015
338.056988	822.469070	4830.000000	364.503018	6.332015
337.450144	822.468992	5270.000000	364.503052	6.330727
336.015337	822.468945	5880.000000	364.503073	6.330727
337.273947	822.468865	5470.000000	364.503108	6.330727
339.376089	822.468817	6120.000000	364.503130	6.330727
337.509148	822.468757	5730.000000	364.503156	6.329439
336.259266	822.468703	5590.000000	364.503180	6.330727
336.341543	822.468629	5220.000000	364.503213	6.329439
335.412754	822.468566	4820.000000	364.503241	6.329439
337.013267	822.468496	3950.000000	364.503272	6.329439
336.298314	822.468422	3360.000000	364.503305	6.329439
335.610922	822.468381	3210.000000	364.503323	6.329439
339.542514	822.468322	2600.000000	364.503349	6.328152
340.138793	822.468242	2300.000000	364.503385	6.328152
337.666896	822.468206	1970.000000	364.503401	6.328152
337.009922	822.468147	1430.000000	364.503427	6.328152
337.716085	822.468074	1130.000000	364.503459	6.328152
337.073736	822.468022	870.000000	364.503482	6.328152
336.284923	822.467955	720.000000	364.503512	6.328152
336.935209	822.467910	640.000000	364.503532	6.326864
334.632426	822.467846	310.000000	364.503560	6.328152
336.476581	822.467787	310.000000	364.503586	6.328152
336.050716	822.467715	180.000000	364.503618	6.328152
336.244603	822.467652	110.000000	364.503646	6.328152
337.051087	822.467587	110.000000	364.503675	6.328152
335.684688	822.467531	90.000000	364.503700	6.328152
338.456263	822.467479	110.000000	364.503723	6.328152
337.625627	822.467419	150.000000	364.503749	6.329439
335.119385	822.467353	160.000000	364.503779	6.328152
337.641590	822.467295	80.000000	364.503804	6.329439
335.997912	822.467225	70.000000	364.503835	6.332015
335.111887	822.467161	20.000000	364.503864	6.329439
336.759008	822.467204	50.000000	364.503845	6.328152
335.283585	822.467263	30.000000	364.503819	6.329439
335.462219	822.467317	80.000000	364.503794	6.328152
337.224947	822.467377	110.000000	364.503768	6.326864
336.283292	822.467430	110.000000	364.503745	6.329439
335.856118	822.467492	90.000000	364.503717	6.328152
338.853890	822.467535	180.000000	364.503698	6.328152
335.539015	822.467594	130.000000	364.503672	6.329439
336.157418	822.467654	160.000000	364.503645	6.328152
335.425139	822.467718	190.000000	364.503617	6.329439
336.269285	822.467784	280.000000	364.503588	6.328152
336.216993	822.467855	430.000000	364.503556	6.329439
333.888681	822.467904	370.000000	364.503534	6.328152
335.804816	822.467962	650.000000	364.503509	6.328152
335.125661	822.468011	820.000000	364.503487	6.329439
337.262491	822.468082	730.000000	364.503456	6.329439
336.839358	822.468129	1220.000000	364.503435	6.328152
335.465619	822.468209	1920.000000	364.503399	6.329439
336.251585	822.468273	1770.000000	364.503371	6.329439
336.239600	822.468329	2630.000000	364.503346	6.329439
336.227368	822.468382	2880.000000	364.503323	6.329439
