340.888333	822.468931	0.000000	364.503079	6.292098
340.331184	822.468955	0.000000	364.503069	6.292098
340.945988	822.469006	2790.000000	364.503046	6.292098
340.881584	822.469071	2340.000000	364.503017	6.293386
343.673636	822.469150	2060.000000	364.502982	6.293386
339.909519	822.469185	1870.000000	364.502967	6.293386
340.111649	822.469232	1720.000000	364.502946	6.293386
343.197062	822.469291	1360.000000	364.502920	6.294673
341.278443	822.469342	1250.000000	364.502897	6.295961
341.241892	822.469406	990.000000	364.502869	6.295961
342.242101	822.469465	1080.000000	364.502843	6.295961
341.804474	822.469541	650.000000	364.502809	6.297249
340.239470	822.469598	530.000000	364.502784	6.297249
340.031156	822.469656	410.000000	364.502758	6.299824
343.623958	822.469719	420.000000	364.502730	6.298536
343.357993	822.469770	280.000000	364.502707	6.301111
342.125616	822.469837	170.000000	364.502678	6.301111
341.508016	822.469901	160.000000	364.502650	6.302399
343.702235	822.469976	110.000000	364.502616	6.301111
344.641678	822.470027	140.000000	364.502594	6.301111
343.868779	822.470089	130.000000	364.502566	6.304974
343.914645	822.470114	130.000000	364.502555	6.303687
342.914243	822.470068	220.000000	364.502575	6.302399
344.414792	822.470026	110.000000	364.502594	6.302399
343.358014	822.469964	230.000000	364.502621	6.301111
341.368803	822.469910	150.000000	364.502645	6.301111
341.556851	822.469839	190.000000	364.502677	6.299824
342.068028	822.469786	220.000000	364.502701	6.299824
342.141057	822.469722	230.000000	364.502729	6.299824
341.501734	822.469675	370.000000	364.502750	6.297249
339.262577	822.469612	580.000000	364.502777	6.297249
342.796513	822.469563	610.000000	364.502799	6.297249
340.950400	822.469489	780.000000	364.502832	6.295961
341.901719	822.469419	770.000000	364.502863	6.294673
339.722719	822.469362	1190.000000	364.502888	6.294673
340.243768	822.469302	1120.000000	364.502915	6.294673
342.091152	822.469249	1470.000000	364.502938	6.292098
342.076534	822.469193	1790.000000	364.502963	6.293386
344.120408	822.469134	1920.000000	364.502989	6.292098
341.300299	822.469072	2220.000000	364.503017	6.292098
339.909809	822.469009	2230.000000	364.503045	6.292098
342.662128	822.468939	2290.000000	364.503076	6.290810
342.098124	822.468893	2450.000000	364.503096	6.289523
341.627435	822.468829	2410.000000	364.503125	6.288235
341.750217	822.468782	2360.000000	364.503146	6.289523
340.249507	822.468716	2600.000000	364.503175	6.289523
343.048136	822.468664	2230.000000	364.503198	6.286947
338.954553	822.468589	1930.000000	364.503231	6.288235
342.718559	822.468532	1460.000000	364.503256	6.286947
340.792135	822.468458	1500.000000	364.503289	6.286947
341.045763	822.468408	1380.000000	364.503311	6.286947
340.013142	822.468345	1120.000000	364.503339	6.286947
341.400004	822.468287	1110.000000	364.503365	6.286947
340.022369	822.468224	810.000000	364.503393	6.285660
343.692171	822.468148	810.000000	364.503426	6.285660
342.518913	822.468090	480.000000	364.503452	6.285660
339.465958	822.468022	450.000000	364.503482	6.285660
341.450031	822.467971	340.000000	364.503505	6.285660
343.396714	822.467916	300.000000	364.503529	6.285660
341.773946	822.467861	330.000000	364.503554	6.285660
341.979298	822.467797	140.000000	364.503582	6.283084
338.772161	822.467742	300.000000	364.503606	6.284372
343.003253	822.467668	60.000000	364.503639	6.284372
338.520455	822.467615	50.000000	364.503663	6.283084
342.235822	822.467549	120.000000	364.503692	6.284372
342.110392	822.467500	270.000000	364.503714	6.284372
341.954777	822.467433	70.000000	364.503743	6.284372
339.354251	822.467381	40.000000	364.503766	6.284372
340.248261	822.467303	20.000000	364.503801	6.283084
339.397182	822.467239	60.000000	364.503829	6.284372
338.307235	822.467166	30.000000	364.503862	6.284372
340.360749	822.467142	110.000000	364.503872	6.284372
340.107787	822.467185	120.000000	364.503853	6.284372
339.508044	822.467253	120.000000	364.503823	6.284372
338.744444	822.467304	60.000000	364.503800	6.284372
339.396485	822.467377	30.000000	364.503768	6.283084
341.783435	822.467424	20.000000	364.503747	6.284372
343.583620	822.467487	90.000000	364.503719	6.284372
342.959723	822.467534	40.000000	364.503698	6.284372
341.007772	822.467596	90.000000	364.503671	6.284372
341.213471	822.467644	30.000000	364.503650	6.284372
337.353079	822.467718	100.000000	364.503617	6.285660
341.625716	822.467775	160.000000	364.503591	6.284372
340.357468	822.467839	190.000000	364.503563	6.285660
340.290628	822.467895	160.000000	364.503539	6.285660
340.176316	822.467944	190.000000	364.503517	6.285660
343.360135	822.468000	190.000000	364.503492	6.285660
341.572358	822.468058	360.000000	364.503466	6.286947
341.045859	822.468122	410.000000	364.503438	6.286947
339.423432	822.468194	490.000000	364.503406	6.286947
339.679544	822.468250	670.000000	364.503381	6.286947
340.786954	822.468311	940.000000	364.503354	6.286947
339.533587	822.468377	1250.000000	364.503325	6.288235
341.783649	822.468427	1200.000000	364.503303	6.284372
341.518328	822.468498	1560.000000	364.503271	6.289523
342.221748	822.468553	1840.000000	364.503247	6.289523
344.196383	822.468628	1870.000000	364.503214	6.289523
341.396070	822.468681	2190.000000	364.503190	6.289523
339.035550	822.468751	1950.000000	364.503159	6.289523
341.772061	822.468800	2700.000000	364.503137	6.290810
342.744953	822.468860	2680.000000	364.503111	6.290810
342.629844	822.468908	2340.000000	364.503089	6.290810
339.944694	822.468975	2330.000000	364.503060	6.290810
339.001025	822.469038	2130.000000	364.503032	6.292098
342.564911	822.469107	1950.000000	364.503001	6.293386
340.520797	822.469164	2360.000000	364.502976	6.294673
340.717308	822.469222	1880.000000	364.502951	6.294673
338.748024	822.469269	1590.000000	364.502929	6.295961
341.949176	822.469329	1170.000000	364.502903	6.295961
341.489653	822.469391	1300.000000	364.502876	6.294673
342.038660	822.469460	970.000000	364.502845	6.295961
341.129185	822.469540	690.000000	364.502810	6.298536
342.012149	822.469592	520.000000	364.502786	6.298536
343.269457	822.469660	490.000000	364.502756	6.298536
342.646895	822.469706	370.000000	364.502736	6.298536
341.200931	822.469765	290.000000	364.502710	6.299824
343.075954	822.469822	280.000000	364.502685	6.301111
341.099070	822.469900	120.000000	364.502650	6.301111
343.095283	822.469955	100.000000	364.502626	6.303687
340.733088	822.470029	120.000000	364.502593	6.303687
340.569638	822.470075	90.000000	364.502572	6.302399
342.474768	822.470107	80.000000	364.502558	6.304974
343.533507	822.470072	90.000000	364.502574	6.303687
344.076685	822.470016	140.000000	364.502599	6.302399
343.291752	822.469970	50.000000	364.502619	6.301111
343.492198	822.469895	90.000000	364.502652	6.301111
340.250402	822.469839	180.000000	364.502677	6.299824
339.415422	822.469768	220.000000	364.502708	6.301111
341.317513	822.469723	330.000000	364.502728	6.298536
341.710721	822.469667	500.000000	364.502753	6.297249
341.262548	822.469616	450.000000	364.502776	6.297249
342.527788	822.469551	510.000000	364.502805	6.297249
339.774351	822.469487	770.000000	364.502833	6.295961
341.342763	822.469417	750.000000	364.502864	6.295961
341.427548	822.469354	890.000000	364.502892	6.294673
342.350371	822.469301	1490.000000	364.502916	6.293386
339.244654	822.469240	1470.000000	364.502942	6.293386
340.936722	822.469191	1850.000000	364.502964	6.293386
341.749866	822.469127	1750.000000	364.502992	6.292098
341.406586	822.469071	2200.000000	364.503017	6.290810
339.463931	822.468995	2300.000000	364.503051	6.290810
337.783401	822.468946	2670.000000	364.503073	6.290810
341.079668	822.468876	2510.000000	364.503104	6.289523
343.290665	822.468830	2340.000000	364.503124	6.289523
342.561157	822.468771	2440.000000	364.503150	6.289523
343.060404	822.468723	2550.000000	364.503172	6.289523
338.768552	822.468649	2300.000000	364.503204	6.288235
340.789927	822.468584	2220.000000	364.503233	6.286947
339.484447	822.468513	1880.000000	364.503265	6.288235
338.540583	822.468461	1620.000000	364.503288	6.288235
340.584146	822.468394	1370.000000	364.503317	6.286947
339.426835	822.468333	1160.000000	364.503344	6.286947
339.551466	822.468286	960.000000	364.503365	6.285660
340.892837	822.468207	690.000000	364.503400	6.285660
339.530686	822.468147	550.000000	364.503427	6.285660
339.677982	822.468078	580.000000	364.503457	6.285660
340.980720	822.468027	390.000000	364.503480	6.285660
343.219616	822.467962	250.000000	364.503509	6.285660
340.218793	822.467914	240.000000	364.503530	6.283084
339.220439	822.467851	120.000000	364.503558	6.284372
340.396017	822.467798	190.000000	364.503582	6.283084
340.348491	822.467721	70.000000	364.503616	6.284372
339.720396	822.467669	30.000000	364.503639	6.284372
340.110372	822.467597	170.000000	364.503670	6.284372
338.476673	822.467550	30.000000	364.503691	6.284372
341.336702	822.467488	50.000000	364.503719	6.283084
340.374729	822.467433	40.000000	364.503743	6.284372
340.733497	822.467361	80.000000	364.503775	6.284372
338.019294	822.467296	50.000000	364.503804	6.284372
338.828784	822.467221	10.000000	364.503837	6.284372
338.608924	822.467157	20.000000	364.503866	6.284372
338.858169	822.467129	40.000000	364.503878	6.284372
340.081142	822.467182	80.000000	364.503854	6.284372
337.807977	822.467226	70.000000	364.503835	6.284372
339.131785	822.467295	110.000000	364.503804	6.284372
337.784083	822.467354	30.000000	364.503778	6.283084
340.760348	822.467423	30.000000	364.503747	6.284372
339.797271	822.467475	30.000000	364.503724	6.285660
339.584790	822.467532	40.000000	364.503699	6.285660
339.588983	822.467579	50.000000	364.503678	6.285660
342.452922	822.467640	70.000000	364.503652	6.285660
338.018596	822.467697	110.000000	364.503626	6.284372
339.451103	822.467766	70.000000	364.503596	6.285660
340.975695	822.467823	130.000000	364.503571	6.285660
340.624784	822.467884	130.000000	364.503543	6.285660
339.356450	822.467940	200.000000	364.503518	6.285660
340.479349	822.467999	270.000000	364.503492	6.285660
337.965579	822.468047	360.000000	364.503471	6.285660
338.779411	822.468114	430.000000	364.503441	6.288235
338.822427	822.468180	550.000000	364.503412	6.286947
340.631461	822.468244	830.000000	364.503384	6.286947
340.767114	822.468314	990.000000	364.503353	6.288235
341.546990	822.468363	1150.000000	364.503331	6.290810
340.422649	822.468425	1160.000000	364.503304	6.288235
339.617309	822.468479	1380.000000	364.503279	6.289523
339.951516	822.468547	1710.000000	364.503250	6.290810
341.781146	822.468606	1820.000000	364.503223	6.288235
340.842486	822.468679	2120.000000	364.503191	6.289523
341.473999	822.468738	2270.000000	364.503165	6.289523
341.208397	822.468801	2660.000000	364.503137	6.292098
339.621123	822.468851	2350.000000	364.503115	6.292098
341.390854	822.468909	2420.000000	364.503089	6.292098
341.147472	822.468954	2290.000000	364.503069	6.292098
341.280774	822.469021	2470.000000	364.503040	6.293386
340.316743	822.469087	2200.000000	364.503010	6.294673
341.508681	822.469156	2060.000000	364.502980	6.293386
342.026732	822.469214	1990.000000	364.502954	6.294673
343.045727	822.469271	1570.000000	364.502928	6.294673
344.618997	822.469335	1240.000000	364.502900	6.297249
342.190334	822.469384	1150.000000	364.502878	6.297249
343.064220	822.469452	930.000000	364.502849	6.297249
343.615809	822.469513	1000.000000	364.502822	6.297249
342.442400	822.469589	650.000000	364.502788	6.299824
340.784669	822.469644	510.000000	364.502763	6.298536
342.691703	822.469707	390.000000	364.502735	6.298536
343.461925	822.469757	270.000000	364.502713	6.301111
341.583693	822.469815	210.000000	364.502687	6.301111
340.975375	822.469873	150.000000	364.502662	6.302399
344.350836	822.469949	240.000000	364.502628	6.303687
342.741671	822.470013	100.000000	364.502600	6.303687
344.012147	822.470070	90.000000	364.502574	6.303687
344.730317	822.470109	60.000000	364.502557	6.303687
341.933216	822.470056	20.000000	364.502581	6.303687
340.910464	822.470015	80.000000	364.502599	6.302399
341.580486	822.469939	80.000000	364.502632	6.302399
341.739441	822.469888	160.000000	364.502655	6.301111
341.701896	822.469822	310.000000	364.502684	6.299824
340.728222	822.469768	260.000000	364.502708	6.298536
342.343224	822.469721	240.000000	364.502729	6.298536
340.578276	822.469658	590.000000	364.502757	6.298536
339.299164	822.469604	490.000000	364.502781	6.298536
341.696376	822.469527	630.000000	364.502815	6.297249
345.203349	822.469467	790.000000	364.502842	6.297249
342.141585	822.469400	970.000000	364.502872	6.295961
339.933101	822.469352	1150.000000	364.502893	6.298536
339.809564	822.469301	1290.000000	364.502915	6.294673
341.163304	822.469249	1440.000000	364.502938	6.293386
342.834854	822.469177	1690.000000	364.502970	6.292098
342.530228	822.469121	1750.000000	364.502995	6.293386
340.962658	822.469051	1920.000000	364.503026	6.293386
340.021451	822.468997	2170.000000	364.503050	6.292098
342.610526	822.468931	2470.000000	364.503079	6.290810
343.096551	822.468880	2630.000000	364.503102	6.290810
341.204340	822.468820	2700.000000	364.503128	6.289523
342.651240	822.468767	2410.000000	364.503152	6.289523
341.265929	822.468700	2470.000000	364.503182	6.289523
343.061367	822.468627	2380.000000	364.503214	6.288235
338.072423	822.468569	1780.000000	364.503240	6.288235
341.857060	822.468498	1820.000000	364.503271	6.288235
340.711345	822.468452	1600.000000	364.503291	6.288235
341.788967	822.468386	1210.000000	364.503321	6.286947
341.591153	822.468331	1200.000000	364.503345	6.288235
341.099625	822.468264	950.000000	364.503375	6.286947
343.376686	822.468208	660.000000	364.503400	6.286947
338.916608	822.468129	610.000000	364.503435	6.286947
339.558083	822.468082	440.000000	364.503456	6.285660
340.237808	822.468013	340.000000	364.503486	6.284372
341.678734	822.467965	170.000000	364.503507	6.285660
338.931431	822.467911	140.000000	364.503531	6.285660
340.031381	822.467852	150.000000	364.503558	6.285660
339.776842	822.467776	130.000000	364.503591	6.284372
339.224983	822.467719	90.000000	364.503617	6.285660
340.302087	822.467655	100.000000	364.503645	6.284372
339.628977	822.467611	90.000000	364.503664	6.284372
339.885647	822.467543	610.000000	364.503694	6.285660
340.799952	822.467489	20.000000	364.503719	6.285660
338.621996	822.467423	50.000000	364.503748	6.284372
339.131189	822.467339	100.000000	364.503785	6.285660
335.345236	822.467282	30.000000	364.503810	6.284372
341.347680	822.467207	70.000000	364.503843	6.285660
337.449589	822.467164	60.000000	364.503862	6.284372
339.892214	822.467132	20.000000	364.503877	6.285660
339.199641	822.467171	50.000000	364.503859	6.284372
337.594689	822.467221	90.000000	364.503837	6.284372
337.841639	822.467275	60.000000	364.503813	6.284372
339.539211	822.467343	80.000000	364.503783	6.284372
340.113541	822.467402	40.000000	364.503757	6.284372
341.618618	822.467471	40.000000	364.503726	6.285660
341.350325	822.467528	60.000000	364.503701	6.283084
343.449077	822.467585	70.000000	364.503676	6.285660
341.444045	822.467629	130.000000	364.503656	6.285660
339.633381	822.467696	80.000000	364.503627	6.285660
337.289856	822.467749	100.000000	364.503603	6.285660
339.869641	822.467822	280.000000	364.503571	6.285660
339.320625	822.467876	180.000000	364.503547	6.286947
341.358866	822.467940	80.000000	364.503519	6.285660
338.777426	822.467998	460.000000	364.503493	6.286947
339.626287	822.468052	350.000000	364.503469	6.288235
340.610575	822.468108	310.000000	364.503444	6.286947
343.296285	822.468166	610.000000	364.503418	6.288235
339.001714	822.468237	580.000000	364.503387	6.284372
340.863978	822.468298	970.000000	364.503360	6.288235
339.554642	822.468365	1050.000000	364.503330	6.288235
342.148622	822.468417	1240.000000	364.503307	6.289523
340.688156	822.468476	1520.000000	364.503281	6.289523
342.153133	822.468529	1660.000000	364.503257	6.289523
341.334056	822.468593	1850.000000	364.503229	6.289523
339.229152	822.468653	2220.000000	364.503203	6.289523
342.659606	822.468730	2140.000000	364.503168	6.290810
340.605918	822.468786	2150.000000	364.503144	6.289523
342.708522	822.468855	2580.000000	364.503113	6.292098
342.933595	822.468896	2500.000000	364.503095	6.293386
343.108805	822.468957	2420.000000	364.503068	6.294673
340.211962	822.469011	2570.000000	364.503044	6.294673
339.876885	822.469080	2300.000000	364.503013	6.293386
341.783322	822.469153	2060.000000	364.502981	6.294673
344.232020	822.469209	1880.000000	364.502956	6.294673
341.393345	822.469269	1620.000000	364.502930	6.295961
343.534675	822.469321	1470.000000	364.502907	6.297249
341.680238	822.469380	1070.000000	364.502880	6.297249
342.237218	822.469434	1050.000000	364.502856	6.297249
341.009525	822.469500	900.000000	364.502827	6.297249
342.346085	822.469569	680.000000	364.502797	6.298536
341.155826	822.469633	430.000000	364.502768	6.298536
340.754101	822.469692	400.000000	364.502742	6.299824
340.792804	822.469756	300.000000	364.502714	6.302399
