342.767744	822.468692	0.000000	364.503185	6.254756
343.859926	822.468706	0.000000	364.503179	6.256044
343.880892	822.468759	1280.000000	364.503156	6.257332
342.384717	822.468820	1600.000000	364.503128	6.257332
342.578165	822.468868	1480.000000	364.503107	6.258619
342.325741	822.468938	1650.000000	364.503076	6.258619
342.991532	822.468999	1650.000000	364.503049	6.258619
341.798922	822.469070	1650.000000	364.503018	6.258619
342.199762	822.469124	1620.000000	364.502994	6.259907
344.432699	822.469196	1410.000000	364.502962	6.261195
342.815397	822.469241	1120.000000	364.502942	6.262482
341.162309	822.469294	1120.000000	364.502918	6.261195
343.364543	822.469352	950.000000	364.502893	6.265058
343.440427	822.469426	1060.000000	364.502860	6.263770
342.974791	822.469486	870.000000	364.502833	6.265058
342.611273	822.469555	840.000000	364.502803	6.263770
342.308604	822.469616	700.000000	364.502776	6.267633
344.304935	822.469664	560.000000	364.502755	6.267633
345.586155	822.469727	390.000000	364.502727	6.267633
342.736181	822.469775	510.000000	364.502706	6.268920
343.741827	822.469848	520.000000	364.502673	6.270208
342.869982	822.469850	480.000000	364.502672	6.270208
343.250007	822.469792	400.000000	364.502698	6.268920
344.140524	822.469750	440.000000	364.502716	6.268920
342.313284	822.469689	410.000000	364.502744	6.262482
345.750250	822.469648	570.000000	364.502761	6.266345
344.476183	822.469591	430.000000	364.502787	6.266345
341.937668	822.469547	530.000000	364.502806	6.265058
342.854524	822.469471	700.000000	364.502840	6.263770
343.984821	822.469422	730.000000	364.502862	6.263770
339.964501	822.469348	670.000000	364.502895	6.261195
341.188742	822.469296	860.000000	364.502917	6.261195
343.182054	822.469233	1140.000000	364.502946	6.261195
342.311729	822.469189	980.000000	364.502965	6.259907
343.846301	822.469124	1170.000000	364.502994	6.259907
343.400971	822.469061	1220.000000	364.503022	6.258619
339.955441	822.468998	1240.000000	364.503050	6.257332
342.026006	822.468926	1240.000000	364.503081	6.257332
341.565871	822.468875	1130.000000	364.503104	6.257332
340.627520	822.468819	1290.000000	364.503129	6.256044
342.432268	822.468769	1180.000000	364.503151	6.254756
340.847813	822.468706	1300.000000	364.503179	6.254756
340.955404	822.468650	1270.000000	364.503204	6.253469
340.196471	822.468582	1260.000000	364.503234	6.253469
343.855374	822.468527	1240.000000	364.503258	6.252181
342.193593	822.468461	1150.000000	364.503288	6.253469
345.179410	822.468414	1090.000000	364.503309	6.253469
340.886142	822.468349	840.000000	364.503337	6.250894
339.614529	822.468303	870.000000	364.503358	6.249606
342.821528	822.468236	670.000000	364.503387	6.250894
341.919483	822.468185	630.000000	364.503410	6.249606
342.052631	822.468107	460.000000	364.503444	6.249606
340.442178	822.468054	460.000000	364.503468	6.249606
339.692057	822.467989	450.000000	364.503497	6.248318
341.544055	822.467926	380.000000	364.503525	6.249606
342.417176	822.467877	340.000000	364.503546	6.249606
343.777016	822.467819	310.000000	364.503572	6.249606
341.243258	822.467754	300.000000	364.503601	6.248318
341.948726	822.467687	290.000000	364.503631	6.248318
341.708792	822.467626	240.000000	364.503658	6.248318
342.982272	822.467563	420.000000	364.503686	6.247031
340.826732	822.467512	350.000000	364.503708	6.247031
341.332465	822.467452	320.000000	364.503735	6.247031
342.615617	822.467404	660.000000	364.503756	6.247031
343.298895	822.467334	460.000000	364.503787	6.247031
340.160534	822.467279	380.000000	364.503811	6.247031
339.516925	822.467208	290.000000	364.503843	6.247031
339.948630	822.467150	310.000000	364.503869	6.245743
340.549806	822.467089	290.000000	364.503896	6.244455
338.988720	822.467038	330.000000	364.503918	6.247031
339.005901	822.466980	300.000000	364.503944	6.245743
341.615046	822.466972	390.000000	364.503947	6.247031
341.072033	822.467016	320.000000	364.503928	6.245743
342.171497	822.467068	350.000000	364.503905	6.245743
342.323856	822.467117	600.000000	364.503883	6.245743
341.051982	822.467173	350.000000	364.503858	6.247031
341.482709	822.467234	300.000000	364.503832	6.247031
342.264241	822.467305	370.000000	364.503800	6.247031
340.627638	822.467358	470.000000	364.503777	6.248318
341.296297	822.467419	310.000000	364.503750	6.248318
344.300424	822.467466	400.000000	364.503729	6.248318
341.380272	822.467533	330.000000	364.503699	6.248318
342.944188	822.467582	390.000000	364.503677	6.249606
341.057682	822.467651	380.000000	364.503646	6.248318
341.362912	822.467711	350.000000	364.503620	6.248318
341.351468	822.467782	370.000000	364.503588	6.249606
343.515486	822.467835	440.000000	364.503565	6.250894
342.563318	822.467887	520.000000	364.503542	6.249606
342.259966	822.467943	410.000000	364.503517	6.249606
342.415554	822.468001	400.000000	364.503491	6.249606
341.313193	822.468063	460.000000	364.503464	6.249606
340.972326	822.468127	520.000000	364.503436	6.252181
343.064304	822.468207	560.000000	364.503400	6.249606
343.387048	822.468255	750.000000	364.503379	6.252181
340.873832	822.468316	580.000000	364.503352	6.252181
342.696273	822.468365	710.000000	364.503330	6.250894
342.171135	822.468430	830.000000	364.503301	6.252181
344.699602	822.468484	1060.000000	364.503277	6.253469
343.268376	822.468558	990.000000	364.503244	6.253469
342.255446	822.468613	1120.000000	364.503220	6.254756
341.834990	822.468680	1020.000000	364.503191	6.254756
343.044588	822.468732	1370.000000	364.503168	6.257332
342.567187	822.468791	1430.000000	364.503141	6.257332
343.664214	822.468844	1290.000000	364.503118	6.256044
341.590124	822.468910	1400.000000	364.503088	6.257332
343.685842	822.468964	1450.000000	364.503065	6.259907
341.837510	822.469038	1490.000000	364.503032	6.258619
343.780110	822.469096	1180.000000	364.503006	6.258619
340.316616	822.469162	1100.000000	364.502977	6.261195
344.494329	822.469209	1100.000000	364.502956	6.257332
343.323990	822.469268	980.000000	364.502930	6.262482
344.739506	822.469340	1080.000000	364.502898	6.263770
342.957855	822.469398	680.000000	364.502872	6.266345
343.586750	822.469470	600.000000	364.502840	6.262482
345.252412	822.469525	660.000000	364.502816	6.263770
344.119781	822.469589	440.000000	364.502788	6.266345
343.183566	822.469631	540.000000	364.502769	6.265058
342.495352	822.469694	380.000000	364.502741	6.266345
342.791505	822.469742	460.000000	364.502720	6.267633
341.664247	822.469818	320.000000	364.502686	6.267633
342.061609	822.469874	360.000000	364.502662	6.271496
343.469501	822.469885	330.000000	364.502657	6.270208
341.636614	822.469836	400.000000	364.502678	6.267633
343.856841	822.469774	660.000000	364.502706	6.266345
342.655216	822.469725	430.000000	364.502728	6.266345
342.658603	822.469667	380.000000	364.502753	6.265058
343.916980	822.469626	600.000000	364.502771	6.265058
340.642629	822.469563	490.000000	364.502799	6.263770
344.140518	822.469514	420.000000	364.502821	6.262482
342.769582	822.469453	720.000000	364.502848	6.262482
341.894728	822.469392	770.000000	364.502875	6.262482
342.073542	822.469322	750.000000	364.502906	6.261195
344.294236	822.469257	880.000000	364.502935	6.261195
340.944235	822.469212	930.000000	364.502955	6.262482
344.634268	822.469152	940.000000	364.502982	6.257332
343.142595	822.469096	1290.000000	364.503006	6.257332
343.464758	822.469030	1390.000000	364.503035	6.257332
342.130064	822.468972	1290.000000	364.503061	6.258619
343.343265	822.468903	1450.000000	364.503092	6.257332
341.692627	822.468848	1390.000000	364.503116	6.256044
340.544359	822.468787	1300.000000	364.503143	6.253469
342.487843	822.468734	1290.000000	364.503167	6.254756
342.674912	822.468678	1280.000000	364.503192	6.254756
343.063009	822.468623	1450.000000	364.503216	6.253469
342.355490	822.468550	1030.000000	364.503248	6.253469
342.623361	822.468497	950.000000	364.503272	6.253469
342.006575	822.468425	1070.000000	364.503304	6.252181
343.287246	822.468383	860.000000	364.503322	6.250894
341.079810	822.468321	780.000000	364.503350	6.250894
343.010193	822.468273	710.000000	364.503371	6.250894
342.445378	822.468204	490.000000	364.503402	6.250894
342.083279	822.468133	540.000000	364.503433	6.250894
341.295427	822.468071	530.000000	364.503460	6.248318
341.443838	822.468007	480.000000	364.503489	6.248318
341.170561	822.467954	350.000000	364.503512	6.248318
341.336185	822.467897	290.000000	364.503538	6.249606
341.685149	822.467847	380.000000	364.503560	6.248318
344.427869	822.467778	250.000000	364.503590	6.247031
340.901062	822.467719	360.000000	364.503617	6.248318
340.673241	822.467648	400.000000	364.503648	6.248318
344.230629	822.467593	390.000000	364.503672	6.248318
340.679289	822.467534	280.000000	364.503698	6.247031
342.648891	822.467479	350.000000	364.503723	6.247031
341.478496	822.467421	260.000000	364.503748	6.248318
341.784201	822.467369	370.000000	364.503772	6.247031
340.259072	822.467294	340.000000	364.503805	6.247031
342.487339	822.467237	340.000000	364.503830	6.247031
340.601322	822.467169	250.000000	364.503860	6.247031
340.101519	822.467119	190.000000	364.503883	6.247031
341.735538	822.467056	360.000000	364.503910	6.244455
339.837666	822.466993	330.000000	364.503938	6.247031
340.285010	822.466994	330.000000	364.503938	6.245743
340.370023	822.467044	270.000000	364.503916	6.249606
340.619357	822.467084	250.000000	364.503898	6.247031
340.616229	822.467139	310.000000	364.503873	6.247031
340.308408	822.467187	360.000000	364.503852	6.247031
342.212972	822.467259	380.000000	364.503821	6.247031
342.487712	822.467315	320.000000	364.503795	6.247031
343.194643	822.467384	250.000000	364.503765	6.247031
342.613387	822.467431	360.000000	364.503744	6.247031
342.720183	822.467493	390.000000	364.503717	6.247031
341.123420	822.467539	400.000000	364.503696	6.247031
342.194713	822.467603	450.000000	364.503668	6.248318
340.837275	822.467654	300.000000	364.503645	6.248318
340.757197	822.467727	580.000000	364.503613	6.249606
342.361802	822.467783	390.000000	364.503588	6.249606
343.811140	822.467851	400.000000	364.503558	6.248318
342.677894	822.467901	420.000000	364.503536	6.249606
341.068919	822.467965	500.000000	364.503508	6.249606
344.409204	822.468027	470.000000	364.503480	6.250894
342.487123	822.468078	600.000000	364.503457	6.249606
341.453382	822.468148	700.000000	364.503426	6.250894
342.577061	822.468209	590.000000	364.503399	6.252181
343.880578	822.468279	700.000000	364.503368	6.252181
342.265964	822.468330	980.000000	364.503346	6.252181
342.696779	822.468393	750.000000	364.503318	6.253469
340.807814	822.468436	960.000000	364.503299	6.254756
341.488974	822.468503	830.000000	364.503269	6.252181
346.273669	822.468557	900.000000	364.503245	6.254756
342.837714	822.468626	1230.000000	364.503214	6.254756
343.050496	822.468686	1050.000000	364.503188	6.254756
341.445157	822.468754	1560.000000	364.503158	6.257332
341.729740	822.468804	1270.000000	364.503135	6.257332
342.942827	822.468860	1310.000000	364.503111	6.257332
343.445898	822.468913	1240.000000	364.503088	6.258619
342.023569	822.468973	1230.000000	364.503061	6.258619
343.554478	822.469043	1330.000000	364.503030	6.257332
344.480353	822.469106	1370.000000	364.503002	6.258619
342.746428	822.469168	1170.000000	364.502974	6.261195
342.914251	822.469225	940.000000	364.502949	6.261195
339.996665	822.469294	1090.000000	364.502918	6.261195
341.324383	822.469334	650.000000	364.502901	6.262482
340.841347	822.469410	650.000000	364.502867	6.263770
343.165132	822.469460	680.000000	364.502845	6.259907
341.479735	822.469541	690.000000	364.502809	6.265058
342.916084	822.469591	710.000000	364.502787	6.266345
344.853130	822.469652	520.000000	364.502760	6.265058
343.459668	822.469704	500.000000	364.502737	6.267633
343.848154	822.469764	410.000000	364.502710	6.267633
344.150140	822.469814	390.000000	364.502688	6.270208
343.814605	822.469882	430.000000	364.502658	6.271496
344.403501	822.469893	380.000000	364.502653	6.268920
345.969228	822.469835	340.000000	364.502679	6.270208
342.482560	822.469794	450.000000	364.502697	6.267633
342.850575	822.469736	510.000000	364.502723	6.266345
343.605748	822.469693	370.000000	364.502742	6.265058
343.528912	822.469632	550.000000	364.502769	6.265058
343.789438	822.469583	460.000000	364.502790	6.263770
340.764137	822.469512	580.000000	364.502822	6.263770
343.759366	822.469442	480.000000	364.502853	6.265058
344.921063	822.469384	620.000000	364.502879	6.261195
345.255482	822.469327	930.000000	364.502904	6.261195
341.716606	822.469280	980.000000	364.502925	6.261195
343.905877	822.469219	1100.000000	364.502952	6.258619
343.265096	822.469167	1030.000000	364.502975	6.259907
344.719425	822.469100	1070.000000	364.503004	6.259907
342.023622	822.469041	1210.000000	364.503031	6.257332
344.170882	822.468971	1320.000000	364.503062	6.257332
344.345062	822.468918	1210.000000	364.503085	6.257332
344.022461	822.468855	1150.000000	364.503113	6.256044
343.367554	822.468809	1370.000000	364.503133	6.254756
340.005025	822.468742	1100.000000	364.503163	6.254756
341.328503	822.468693	1420.000000	364.503185	6.254756
342.394273	822.468622	1230.000000	364.503216	6.254756
341.749469	822.468566	1250.000000	364.503241	6.253469
342.510538	822.468499	1000.000000	364.503271	6.253469
342.603293	822.468451	1040.000000	364.503292	6.253469
341.218899	822.468394	910.000000	364.503317	6.252181
342.405148	822.468328	770.000000	364.503347	6.252181
342.710761	822.468275	720.000000	364.503370	6.250894
340.321535	822.468207	620.000000	364.503400	6.249606
341.389362	822.468145	400.000000	364.503428	6.249606
342.961758	822.468074	760.000000	364.503459	6.249606
342.734007	822.468024	520.000000	364.503482	6.249606
345.045250	822.467960	340.000000	364.503510	6.249606
341.539984	822.467914	380.000000	364.503530	6.248318
341.777472	822.467853	410.000000	364.503557	6.248318
343.348953	822.467794	370.000000	364.503583	6.248318
341.977772	822.467715	350.000000	364.503618	6.248318
341.057672	822.467661	290.000000	364.503642	6.248318
341.404288	822.467595	430.000000	364.503671	6.248318
338.630906	822.467545	370.000000	364.503693	6.247031
342.789710	822.467484	300.000000	364.503721	6.247031
341.541945	822.467436	420.000000	364.503742	6.247031
341.139584	822.467366	330.000000	364.503773	6.247031
343.969321	822.467308	610.000000	364.503799	6.247031
340.987677	822.467235	350.000000	364.503831	6.247031
340.823382	822.467174	440.000000	364.503858	6.245743
340.635583	822.467123	440.000000	364.503880	6.247031
339.011918	822.467062	380.000000	364.503908	6.247031
341.794466	822.467011	310.000000	364.503930	6.247031
342.136899	822.467006	270.000000	364.503932	6.245743
339.896365	822.467051	370.000000	364.503912	6.247031
339.871180	822.467102	380.000000	364.503890	6.247031
343.491774	822.467145	390.000000	364.503871	6.247031
338.410452	822.467199	350.000000	364.503847	6.247031
341.852723	822.467253	410.000000	364.503823	6.248318
340.491552	822.467320	440.000000	364.503793	6.247031
342.846934	822.467380	390.000000	364.503767	6.247031
342.593827	822.467445	270.000000	364.503738	6.247031
342.321911	822.467495	350.000000	364.503716	6.248318
342.526075	822.467547	440.000000	364.503693	6.248318
341.555588	822.467597	230.000000	364.503670	6.248318
340.715302	822.467659	280.000000	364.503643	6.249606
342.517610	822.467720	420.000000	364.503616	6.249606
342.266967	822.467793	350.000000	364.503584	6.249606
340.311432	822.467865	410.000000	364.503552	6.247031
341.326052	822.467910	330.000000	364.503532	6.250894
342.822661	822.467972	460.000000	364.503504	6.249606
337.983553	822.468023	380.000000	364.503482	6.250894
339.370455	822.468085	390.000000	364.503454	6.249606
341.364302	822.468141	590.000000	364.503429	6.250894
343.847888	822.468213	650.000000	364.503398	6.252181
339.686269	822.468274	690.000000	364.503370	6.252181
343.681521	822.468337	900.000000	364.503343	6.252181
341.246220	822.468390	890.000000	364.503319	6.254756
341.107576	822.468446	870.000000	364.503294	6.254756
340.276794	822.468505	970.000000	364.503268	6.254756
343.764177	822.468561	1190.000000	364.503243	6.253469
341.980943	822.468619	1270.000000	364.503218	6.253469
343.409538	822.468690	1470.000000	364.503186	6.256044
343.005182	822.468745	1380.000000	364.503162	6.254756
343.852264	822.468807	1380.000000	364.503134	6.257332
343.630437	822.468853	1310.000000	364.503114	6.258619
342.612360	822.468916	1470.000000	364.503086	6.258619
343.592734	822.468971	1500.000000	364.503062	6.258619
342.444426	822.469042	1250.000000	364.503030	6.259907
341.304927	822.469118	1240.000000	364.502997	6.261195
342.356251	822.469171	1370.000000	364.502973	6.259907
343.263507	822.469234	940.000000	364.502945	6.261195
341.793081	822.469284	870.000000	364.502923	6.261195
342.825939	822.469341	760.000000	364.502898	6.262482
342.608599	822.469400	710.000000	364.502871	6.262482
342.895903	822.469463	770.000000	364.502844	6.266345
342.361126	822.469521	770.000000	364.502818	6.265058
340.605935	822.469594	710.000000	364.502786	6.266345
343.278443	822.469644	650.000000	364.502764	6.267633
342.743964	822.469709	670.000000	364.502735	6.268920
343.921193	822.469755	480.000000	364.502714	6.268920
342.318631	822.469815	440.000000	364.502687	6.268920
344.408534	822.469870	430.000000	364.502663	6.270208
341.556927	822.469884	440.000000	364.502657	6.268920
342.243843	822.469842	440.000000	364.502675	6.268920
341.715111	822.469788	560.000000	364.502699	6.267633
342.769853	822.469740	720.000000	364.502721	6.261195
341.733149	822.469684	350.000000	364.502745	6.267633
343.952924	822.469627	510.000000	364.502771	6.267633
344.034032	822.469574	560.000000	364.502794	6.265058
341.820167	822.469505	540.000000	364.502825	6.262482
342.106764	822.469448	560.000000	364.502850	6.265058
342.808852	822.469379	730.000000	364.502881	6.262482
344.790694	822.469328	820.000000	364.502903	6.262482
342.645351	822.469273	770.000000	364.502928	6.261195
343.591469	822.469223	1260.000000	364.502950	6.261195
340.048824	822.469151	1270.000000	364.502982	6.257332
343.707896	822.469097	1120.000000	364.503006	6.263770
343.279934	822.469026	1190.000000	364.503037	6.257332
343.192717	822.468971	1200.000000	364.503061	6.256044
342.525792	822.468909	1570.000000	364.503089	6.257332
342.322636	822.468860	1430.000000	364.503111	6.257332
344.128899	822.468797	1490.000000	364.503139	6.254756
342.815438	822.468741	1430.000000	364.503163	6.254756
