295.928666	822.468974	0.000000	364.503060
296.633615	822.469131	1130.000000	364.502991
296.500568	822.469150	1130.000000	364.502982
295.681997	822.469162	1270.000000	364.502977
296.194876	822.469212	1270.000000	364.502955
295.390017	822.469253	920.000000	364.502936
297.603813	822.469301	830.000000	364.502915
295.974718	822.469349	790.000000	364.502894
294.220043	822.469418	920.000000	364.502863
294.802498	822.469468	630.000000	364.502841
297.367951	822.469522	570.000000	364.502818
295.683667	822.469571	570.000000	364.502796
296.463100	822.469623	480.000000	364.502773
294.903099	822.469667	330.000000	364.502753
295.812845	822.469709	280.000000	364.502735
295.993542	822.469756	170.000000	364.502714
295.982335	822.469799	270.000000	364.502695
296.755762	822.469864	180.000000	364.502666
296.543615	822.469910	210.000000	364.502646
295.328224	822.469962	190.000000	364.502622
296.572625	822.469984	60.000000	364.502613
297.615242	822.469944	230.000000	364.502630
294.925883	822.469901	120.000000	364.502649
295.217617	822.469860	160.000000	364.502668
294.844535	822.469816	160.000000	364.502687
295.714315	822.469762	210.000000	364.502711
295.088130	822.469718	240.000000	364.502731
294.692951	822.469675	190.000000	364.502750
295.473271	822.469628	350.000000	364.502770
294.891367	822.469582	370.000000	364.502791
294.888202	822.469532	320.000000	364.502813
295.614207	822.469484	470.000000	364.502834
296.126890	822.469434	600.000000	364.502857
296.420168	822.469384	640.000000	364.502879
296.674738	822.469314	710.000000	364.502909
294.299860	822.469275	880.000000	364.502927
295.228417	822.469227	860.000000	364.502948
295.938823	822.469180	830.000000	364.502969
296.509924	822.469129	1160.000000	364.502992
296.003809	822.469078	1260.000000	364.503014
295.008008	822.469049	1260.000000	364.503027
295.402293	822.468985	1230.000000	364.503055
294.874481	822.468917	1140.000000	364.503085
295.365701	822.468870	1020.000000	364.503106
294.816748	822.468823	1180.000000	364.503127
295.988686	822.468775	1110.000000	364.503148
296.083572	822.468733	970.000000	364.503167
297.127649	822.468686	840.000000	364.503188
297.031508	822.468634	970.000000	364.503211
296.419794	822.468585	940.000000	364.503233
296.164414	822.468537	740.000000	364.503254
296.776189	822.468472	640.000000	364.503283
296.537014	822.468427	570.000000	364.503303
295.118743	822.468380	670.000000	364.503324
294.086673	822.468336	430.000000	364.503343
296.264346	822.468284	600.000000	364.503366
296.228633	822.468238	360.000000	364.503386
297.195085	822.468185	250.000000	364.503410
294.693954	822.468130	340.000000	364.503434
294.879366	822.468076	230.000000	364.503458
296.136137	822.468012	180.000000	364.503487
297.751240	822.467964	140.000000	364.503508
295.140786	822.467920	120.000000	364.503527
294.574810	822.467876	30.000000	364.503547
295.647193	822.467828	130.000000	364.503568
297.748596	822.467780	80.000000	364.503589
294.754012	822.467731	100.000000	364.503611
296.875123	822.467672	130.000000	364.503637
297.263763	822.467609	100.000000	364.503665
298.184077	822.467563	140.000000	364.503685
296.530726	822.467548	120.000000	364.503692
297.483407	822.467583	110.000000	364.503677
296.995325	822.467620	100.000000	364.503660
296.004867	822.467660	100.000000	364.503643
297.408692	822.467713	70.000000	364.503619
296.193065	822.467764	80.000000	364.503596
297.306404	822.467817	60.000000	364.503573
294.719253	822.467874	110.000000	364.503548
296.943352	822.467919	120.000000	364.503528
295.418929	822.467962	130.000000	364.503509
296.730849	822.468009	110.000000	364.503488
296.837792	822.468055	90.000000	364.503468
295.706610	822.468103	150.000000	364.503446
296.122167	822.468160	190.000000	364.503421
298.067926	822.468212	210.000000	364.503398
297.553434	822.468264	290.000000	364.503375
296.926912	822.468335	230.000000	364.503344
296.746606	822.468377	490.000000	364.503325
297.363263	822.468416	490.000000	364.503307
297.545310	822.468463	550.000000	364.503287
294.036629	822.468509	660.000000	364.503266
295.446159	822.468559	580.000000	364.503244
296.361066	822.468605	760.000000	364.503224
297.935931	822.468661	880.000000	364.503199
296.122685	822.468727	700.000000	364.503170
296.431637	822.468772	960.000000	364.503150
295.862878	822.468821	1160.000000	364.503128
296.503434	822.468863	930.000000	364.503110
296.601265	822.468914	1150.000000	364.503087
296.371295	822.468962	1090.000000	364.503066
295.626075	822.469010	1170.000000	364.503044
296.429846	822.469059	1280.000000	364.503023
295.411637	822.469110	1220.000000	364.503000
296.301286	822.469180	1350.000000	364.502969
295.768208	822.469226	1230.000000	364.502949
295.278637	822.469274	900.000000	364.502927
297.588781	822.469321	930.000000	364.502907
295.804931	822.469372	920.000000	364.502884
297.279435	822.469419	610.000000	364.502863
294.103835	822.469468	680.000000	364.502841
294.614741	822.469519	560.000000	364.502819
294.605491	822.469565	530.000000	364.502798
294.086718	822.469636	460.000000	364.502767
295.146814	822.469685	270.000000	364.502745
294.586107	822.469730	320.000000	364.502725
296.183192	822.469779	260.000000	364.502703
296.688457	822.469822	170.000000	364.502684
296.139361	822.469862	150.000000	364.502667
294.839454	822.469907	120.000000	364.502647
294.144471	822.469955	80.000000	364.502626
295.184969	822.469987	70.000000	364.502611
295.413256	822.469950	220.000000	364.502628
296.690211	822.469912	120.000000	364.502645
295.362761	822.469868	80.000000	364.502664
296.438336	822.469832	120.000000	364.502680
295.435636	822.469787	160.000000	364.502700
295.584597	822.469746	240.000000	364.502718
294.884106	822.469701	180.000000	364.502738
295.609632	822.469652	280.000000	364.502760
295.119264	822.469586	270.000000	364.502789
297.494061	822.469537	430.000000	364.502811
295.335580	822.469487	360.000000	364.502833
295.974626	822.469440	700.000000	364.502854
294.325007	822.469392	690.000000	364.502875
294.729316	822.469346	710.000000	364.502896
296.177038	822.469299	740.000000	364.502916
295.913395	822.469248	750.000000	364.502939
294.711849	822.469200	1000.000000	364.502960
295.777711	822.469133	890.000000	364.502990
296.547917	822.469087	1040.000000	364.503010
296.284745	822.469033	1150.000000	364.503034
295.640636	822.468985	1130.000000	364.503055
295.545869	822.468942	1150.000000	364.503075
296.296692	822.468894	1050.000000	364.503096
294.715434	822.468848	1100.000000	364.503116
296.649095	822.468802	1040.000000	364.503136
295.762179	822.468737	990.000000	364.503165
296.755658	822.468689	1050.000000	364.503187
296.284752	822.468639	850.000000	364.503209
296.358707	822.468589	810.000000	364.503231
295.929837	822.468540	850.000000	364.503252
296.867580	822.468493	890.000000	364.503273
297.679829	822.468450	720.000000	364.503293
298.438345	822.468405	560.000000	364.503313
296.462738	822.468359	330.000000	364.503333
295.887212	822.468293	300.000000	364.503362
296.990199	822.468238	400.000000	364.503387
297.133298	822.468184	270.000000	364.503410
297.727114	822.468132	290.000000	364.503433
297.002284	822.468083	250.000000	364.503455
297.030368	822.468035	150.000000	364.503476
296.648893	822.467991	310.000000	364.503496
297.934595	822.467945	140.000000	364.503516
297.003073	822.467882	70.000000	364.503544
296.699617	822.467835	130.000000	364.503565
296.571298	822.467786	210.000000	364.503587
296.704036	822.467727	280.000000	364.503613
296.495496	822.467674	130.000000	364.503636
296.768082	822.467626	140.000000	364.503658
299.588801	822.467582	40.000000	364.503677
296.294696	822.467553	120.000000	364.503690
297.650290	822.467585	80.000000	364.503676
298.414267	822.467637	120.000000	364.503653
297.145954	822.467681	80.000000	364.503633
295.902306	822.467726	40.000000	364.503613
297.613734	822.467781	60.000000	364.503589
295.996917	822.467827	40.000000	364.503568
297.577917	822.467874	110.000000	364.503548
295.931986	822.467916	90.000000	364.503529
295.772710	822.467968	220.000000	364.503506
296.310331	822.468009	140.000000	364.503488
295.419441	822.468070	220.000000	364.503461
296.619138	822.468117	170.000000	364.503440
296.650173	822.468170	230.000000	364.503417
295.450757	822.468226	180.000000	364.503392
295.298791	822.468283	460.000000	364.503366
295.743838	822.468324	390.000000	364.503348
295.434452	822.468380	430.000000	364.503324
295.763309	822.468420	510.000000	364.503306
296.951884	822.468476	480.000000	364.503281
295.318222	822.468522	720.000000	364.503261
295.361484	822.468572	770.000000	364.503239
295.834371	822.468625	970.000000	364.503215
295.752097	822.468672	710.000000	364.503194
295.700542	822.468720	970.000000	364.503173
296.372858	822.468766	810.000000	364.503152
296.719794	822.468814	960.000000	364.503131
292.933056	822.468862	1120.000000	364.503110
296.344408	822.468921	1180.000000	364.503084
295.358636	822.468971	1250.000000	364.503062
295.630499	822.469019	1250.000000	364.503041
296.136116	822.469070	1250.000000	364.503018
295.182290	822.469116	1120.000000	364.502997
296.612943	822.469168	1230.000000	364.502974
296.100947	822.469219	1130.000000	364.502952
295.982363	822.469266	970.000000	364.502931
294.414701	822.469315	920.000000	364.502909
296.470283	822.469380	780.000000	364.502880
296.194874	822.469426	750.000000	364.502860
296.568706	822.469473	620.000000	364.502839
295.896227	822.469529	600.000000	364.502814
295.950224	822.469579	400.000000	364.502792
294.315249	822.469630	480.000000	364.502769
295.980498	822.469677	410.000000	364.502749
293.034960	822.469724	320.000000	364.502728
294.460125	822.469784	200.000000	364.502701
293.761213	822.469829	200.000000	364.502682
296.165965	822.469877	320.000000	364.502660
297.110392	822.469924	170.000000	364.502639
294.223325	822.469969	120.000000	364.502619
294.420921	822.469999	160.000000	364.502606
296.297281	822.469963	130.000000	364.502622
294.421887	822.469924	180.000000	364.502639
297.936191	822.469882	140.000000	364.502658
297.139121	822.469825	220.000000	364.502683
296.819359	822.469779	140.000000	364.502703
297.602301	822.469738	190.000000	364.502722
295.945806	822.469694	240.000000	364.502741
293.862313	822.469653	190.000000	364.502759
297.647882	822.469604	260.000000	364.502781
296.210265	822.469549	330.000000	364.502806
296.305133	822.469499	490.000000	364.502828
295.270674	822.469451	420.000000	364.502849
295.682885	822.469387	530.000000	364.502877
296.418695	822.469339	730.000000	364.502898
295.617667	822.469296	830.000000	364.502918
296.471628	822.469246	860.000000	364.502940
297.438078	822.469195	1030.000000	364.502962
297.811791	822.469144	750.000000	364.502985
297.525983	822.469098	1250.000000	364.503005
295.563421	822.469049	1190.000000	364.503027
295.107116	822.468981	1280.000000	364.503057
296.574633	822.468936	1310.000000	364.503077
295.629185	822.468886	980.000000	364.503099
294.911782	822.468844	1190.000000	364.503118
295.198488	822.468795	1080.000000	364.503140
294.201769	822.468753	920.000000	364.503158
295.571635	822.468705	950.000000	364.503180
295.529902	822.468655	780.000000	364.503202
295.838170	822.468606	1130.000000	364.503223
298.141818	822.468535	900.000000	364.503255
296.342003	822.468489	800.000000	364.503275
297.957704	822.468440	560.000000	364.503297
295.997189	822.468399	630.000000	364.503315
297.859049	822.468354	540.000000	364.503335
297.319398	822.468306	480.000000	364.503356
298.302470	822.468255	450.000000	364.503379
297.602456	822.468202	410.000000	364.503402
295.592189	822.468151	240.000000	364.503425
297.016865	822.468076	210.000000	364.503458
297.540222	822.468030	140.000000	364.503479
296.761706	822.467978	200.000000	364.503502
296.953424	822.467937	150.000000	364.503520
295.941334	822.467893	160.000000	364.503539
297.056082	822.467842	230.000000	364.503562
296.649604	822.467794	150.000000	364.503583
297.660821	822.467747	70.000000	364.503604
295.565238	822.467674	70.000000	364.503636
297.127288	822.467625	50.000000	364.503658
297.571531	822.467579	190.000000	364.503678
297.608523	822.467559	60.000000	364.503687
297.998833	822.467595	60.000000	364.503671
296.075379	822.467630	270.000000	364.503656
295.662248	822.467675	60.000000	364.503636
297.971868	822.467724	100.000000	364.503614
295.893817	822.467777	30.000000	364.503591
294.980967	822.467841	100.000000	364.503563
296.033193	822.467883	90.000000	364.503544
295.708929	822.467923	150.000000	364.503526
296.913444	822.467969	140.000000	364.503506
297.163508	822.468014	110.000000	364.503486
296.253055	822.468069	120.000000	364.503462
295.841634	822.468115	250.000000	364.503441
294.668793	822.468169	260.000000	364.503417
297.368368	822.468222	250.000000	364.503394
296.245855	822.468291	380.000000	364.503363
297.249032	822.468339	300.000000	364.503342
295.511316	822.468381	430.000000	364.503323
295.913629	822.468429	360.000000	364.503302
295.664903	822.468468	640.000000	364.503285
294.858103	822.468517	490.000000	364.503263
298.431806	822.468566	690.000000	364.503241
296.548947	822.468618	740.000000	364.503218
297.133633	822.468686	680.000000	364.503188
297.910682	822.468730	850.000000	364.503169
296.676721	822.468778	960.000000	364.503147
295.768010	822.468822	900.000000	364.503128
296.398962	822.468869	1050.000000	364.503107
294.947684	822.468917	1170.000000	364.503085
294.929021	822.468965	970.000000	364.503064
295.243814	822.469011	1120.000000	364.503044
294.502688	822.469063	1130.000000	364.503021
295.877650	822.469132	1080.000000	364.502990
296.054025	822.469184	1010.000000	364.502967
295.850890	822.469232	1080.000000	364.502946
295.163629	822.469279	1070.000000	364.502925
294.668845	822.469325	1010.000000	364.502905
295.011597	822.469371	830.000000	364.502884
295.357831	822.469423	730.000000	364.502861
296.169353	822.469470	510.000000	364.502840
293.601000	822.469538	630.000000	364.502810
294.717752	822.469595	530.000000	364.502785
294.975496	822.469642	390.000000	364.502764
295.605875	822.469690	270.000000	364.502743
295.442168	822.469732	370.000000	364.502724
296.935505	822.469779	170.000000	364.502704
296.791948	822.469824	190.000000	364.502684
296.932581	822.469866	180.000000	364.502665
297.564434	822.469914	190.000000	364.502644
295.034023	822.469980	140.000000	364.502614
294.780381	822.469998	120.000000	364.502607
296.507995	822.469960	140.000000	364.502623
294.259552	822.469916	170.000000	364.502643
293.518895	822.469881	110.000000	364.502658
293.532152	822.469838	140.000000	364.502677
293.696671	822.469794	260.000000	364.502697
294.479389	822.469749	180.000000	364.502717
297.234749	822.469711	200.000000	364.502734
294.844213	822.469646	230.000000	364.502762
295.175358	822.469598	260.000000	364.502784
295.033159	822.469551	300.000000	364.502805
293.246288	822.469500	400.000000	364.502827
294.457615	822.469450	550.000000	364.502849
297.805547	822.469401	440.000000	364.502871
295.292683	822.469355	540.000000	364.502891
295.924809	822.469311	930.000000	364.502911
297.667421	822.469244	890.000000	364.502941
295.255986	822.469202	710.000000	364.502959
295.592151	822.469151	1320.000000	364.502982
295.119666	822.469098	1020.000000	364.503005
296.500255	822.469044	1090.000000	364.503029
296.321264	822.468998	1180.000000	364.503050
295.802519	822.468952	1250.000000	364.503070
295.481244	822.468907	1330.000000	364.503090
295.960115	822.468857	1190.000000	364.503112
296.163610	822.468798	1050.000000	364.503138
295.372310	822.468749	1040.000000	364.503160
295.054898	822.468699	950.000000	364.503182
294.566907	822.468651	790.000000	364.503203
296.220258	822.468602	940.000000	364.503225
296.729416	822.468550	910.000000	364.503248
295.939263	822.468504	780.000000	364.503269
294.918590	822.468462	540.000000	364.503287
297.183615	822.468414	700.000000	364.503308
295.060360	822.468354	590.000000	364.503335
296.878831	822.468304	490.000000	364.503357
295.937179	822.468251	410.000000	364.503381
296.146392	822.468198	310.000000	364.503404
295.680176	822.468148	370.000000	364.503426
295.979125	822.468091	210.000000	364.503452
294.955141	822.468040	330.000000	364.503474
295.862295	822.467996	200.000000	364.503494
295.314940	822.467934	120.000000	364.503521
297.679682	822.467889	110.000000	364.503541
296.708847	822.467844	90.000000	364.503561
295.216470	822.467795	120.000000	364.503583
297.719809	822.467744	100.000000	364.503606
296.619077	822.467687	110.000000	364.503631
296.197932	822.467639	90.000000	364.503652
296.795254	822.467593	90.000000	364.503672
296.087238	822.467555	80.000000	364.503689
298.371276	822.467602	30.000000	364.503668
296.513059	822.467643	140.000000	364.503650
295.624950	822.467684	180.000000	364.503632
295.429756	822.467734	70.000000	364.503610
296.200987	822.467788	40.000000	364.503586
295.460690	822.467837	100.000000	364.503564
296.597443	822.467880	130.000000	364.503545
295.799982	822.467924	90.000000	364.503526
294.405472	822.467968	60.000000	364.503506
295.011580	822.468029	150.000000	364.503479
298.370936	822.468072	80.000000	364.503460
295.598077	822.468125	90.000000	364.503436
296.890093	822.468174	160.000000	364.503415
294.533166	822.468233	220.000000	364.503389
293.754840	822.468283	230.000000	364.503366
296.039494	822.468329	340.000000	364.503346
296.325531	822.468376	590.000000	364.503325
295.178990	822.468437	450.000000	364.503298
296.560143	822.468485	540.000000	364.503277
296.993533	822.468532	500.000000	364.503256
297.383694	822.468573	570.000000	364.503238
294.853699	822.468623	750.000000	364.503216
296.173649	822.468685	690.000000	364.503188
295.731470	822.468727	920.000000	364.503170
294.474680	822.468776	990.000000	364.503148
295.821967	822.468823	1030.000000	364.503127
294.977651	822.468887	1170.000000	364.503099
295.730245	822.468929	1370.000000	364.503080
296.740001	822.468980	1170.000000	364.503058
294.942040	822.469030	1250.000000	364.503035
296.000020	822.469075	1080.000000	364.503015
295.863101	822.469127	1070.000000	364.502993
295.362650	822.469178	1270.000000	364.502970
295.543555	822.469233	900.000000	364.502945
297.089363	822.469294	970.000000	364.502918
296.952933	822.469343	780.000000	364.502897
295.028097	822.469386	740.000000	364.502877
296.063978	822.469435	690.000000	364.502856
294.652458	822.469490	760.000000	364.502832
293.246801	822.469544	520.000000	364.502808
294.616465	822.469594	490.000000	364.502786
296.075609	822.469637	290.000000	364.502767
294.817887	822.469683	470.000000	364.502746
295.540203	822.469749	460.000000	364.502717
295.746532	822.469791	240.000000	364.502698
296.266646	822.469835	200.000000	364.502679
294.796802	822.469878	90.000000	364.502660
297.555769	822.469928	270.000000	364.502637
298.208860	822.469974	140.000000	364.502617
295.504771	822.470007	90.000000	364.502602
296.154592	822.469970	100.000000	364.502619
296.093439	822.469930	100.000000	364.502636
295.164375	822.469877	110.000000	364.502660
294.193790	822.469834	170.000000	364.502679
294.447366	822.469792	100.000000	364.502698
294.749531	822.469745	140.000000	364.502718
296.449768	822.469708	220.000000	364.502735
294.525362	822.469661	530.000000	364.502756
295.658846	822.469614	400.000000	364.502777
295.736738	822.469562	290.000000	364.502800
294.175314	822.469497	370.000000	364.502829
296.284591	822.469453	490.000000	364.502848
295.035894	822.469399	560.000000	364.502872
295.344182	822.469352	810.000000	364.502893
293.658080	822.469304	680.000000	364.502914
296.615958	822.469260	740.000000	364.502933
294.447104	822.469213	850.000000	364.502954
296.283390	822.469162	1090.000000	364.502977
295.516787	822.469109	1110.000000	364.503001
295.903484	822.469044	1220.000000	364.503029
296.105324	822.468994	1270.000000	364.503051
294.333549	822.468943	1420.000000	364.503074
297.766094	822.468898	1310.000000	364.503094
294.605517	822.468853	1170.000000	364.503114
295.897619	822.468806	1240.000000	364.503135
295.505672	822.468764	1120.000000	364.503153
295.418629	822.468710	910.000000	364.503177
294.823040	822.468665	840.000000	364.503197
296.227761	822.468599	950.000000	364.503226
295.625226	822.468543	720.000000	364.503251
298.415504	822.468499	910.000000	364.503271
295.488767	822.468450	720.000000	364.503292
295.409656	822.468409	530.000000	364.503311
296.513549	822.468363	480.000000	364.503331
297.197784	822.468316	480.000000	364.503352
295.246041	822.468264	370.000000	364.503375
296.476051	822.468192	400.000000	364.503407
296.293368	822.468143	170.000000	364.503429
297.635415	822.468092	340.000000	364.503451
298.159144	822.468036	350.000000	364.503476
296.982753	822.467990	240.000000	364.503496
296.780891	822.467941	220.000000	364.503518
296.796105	822.467899	90.000000	364.503536
296.015730	822.467850	90.000000	364.503558
295.326012	822.467799	150.000000	364.503581
296.029391	822.467732	200.000000	364.503611
295.778585	822.467685	180.000000	364.503632
296.098213	822.467632	200.000000	364.503655
296.896241	822.467585	90.000000	364.503676
297.364273	822.467559	30.000000	364.503687
294.301292	822.467592	60.000000	364.503673
294.849307	822.467631	190.000000	364.503655
296.766678	822.467683	180.000000	364.503632
296.401944	822.467728	160.000000	364.503612
297.610216	822.467789	140.000000	364.503586
296.904299	822.467842	130.000000	364.503562
296.968468	822.467886	100.000000	364.503543
296.706207	822.467929	140.000000	364.503523
297.837765	822.467971	140.000000	364.503505
294.981127	822.468018	70.000000	364.503484
295.849401	822.468063	120.000000	364.503464
297.181135	822.468115	210.000000	364.503441
294.210794	822.468191	240.000000	364.503407
296.670683	822.468243	290.000000	364.503384
297.553232	822.468294	300.000000	364.503362
297.463351	822.468340	280.000000	364.503341
296.443709	822.468387	450.000000	364.503320
296.014550	822.468429	580.000000	364.503302
298.325824	822.468477	510.000000	364.503280
297.215083	822.468517	610.000000	364.503263
296.276615	822.468566	700.000000	364.503241
296.344296	822.468632	740.000000	364.503212
296.366434	822.468686	800.000000	364.503188
297.503040	822.468735	980.000000	364.503166
296.965409	822.468782	940.000000	364.503145
296.269140	822.468831	1060.000000	364.503124
295.744177	822.468872	1080.000000	364.503105
297.429299	822.468922	1280.000000	364.503083
297.627526	822.468968	1080.000000	364.503063
296.358550	822.469015	1180.000000	364.503042
295.350084	822.469084	1170.000000	364.503011
294.021831	822.469135	1310.000000	364.502989
296.734235	822.469183	1090.000000	364.502968
295.722206	822.469234	1000.000000	364.502945
295.877734	822.469279	950.000000	364.502925
294.593059	822.469326	1010.000000	364.502904
296.614092	822.469376	750.000000	364.502882
294.024409	822.469427	510.000000	364.502860
294.888741	822.469495	660.000000	364.502830
293.521196	822.469546	590.000000	364.502807
294.395478	822.469599	510.000000	364.502783
294.818832	822.469643	370.000000	364.502764
297.479236	822.469692	310.000000	364.502742
295.307067	822.469736	320.000000	364.502722
295.055260	822.469781	200.000000	364.502703
297.346398	822.469822	260.000000	364.502684
294.504803	822.469870	130.000000	364.502663
296.560896	822.469933	120.000000	364.502635
296.801013	822.469985	230.000000	364.502612
295.637721	822.470005	70.000000	364.502604
294.932356	822.469965	150.000000	364.502621
296.734127	822.469922	100.000000	364.502640
293.980448	822.469880	200.000000	364.502659
294.250318	822.469841	200.000000	364.502676
294.869289	822.469803	210.000000	364.502693
295.289216	822.469742	100.000000	364.502720
294.285097	822.469701	130.000000	364.502738
293.883852	822.469657	180.000000	364.502758
295.924061	822.469607	350.000000	364.502780
295.655523	822.469556	430.000000	364.502802
294.051924	822.469509	320.000000	364.502823
296.393119	822.469456	440.000000	364.502847
295.540369	822.469407	400.000000	364.502868
295.632136	822.469361	690.000000	364.502889
295.882481	822.469298	750.000000	364.502916
294.803180	822.469254	900.000000	364.502936
296.047129	822.469207	850.000000	364.502957
295.651293	822.469149	890.000000	364.502983
296.918164	822.469105	1030.000000	364.503002
296.502615	822.469059	1250.000000	364.503023
297.521866	822.469005	1030.000000	364.503046
295.377109	822.468956	940.000000	364.503068
293.932161	822.468907	1180.000000	364.503090
296.355162	822.468849	1210.000000	364.503116
297.981925	822.468804	1210.000000	364.503136
296.934713	822.468755	1010.000000	364.503158
297.558103	822.468708	940.000000	364.503178
295.877075	822.468659	650.000000	364.503200
295.665557	822.468607	910.000000	364.503223
296.700993	822.468554	1020.000000	364.503246
296.635624	822.468507	660.000000	364.503267
295.671464	822.468447	1070.000000	364.503294
295.117846	822.468404	590.000000	364.503313
295.274641	822.468354	430.000000	364.503335
295.057207	822.468309	380.000000	364.503355
294.666444	822.468259	270.000000	364.503377
297.662001	822.468206	340.000000	364.503401
295.091124	822.468153	360.000000	364.503424
297.244125	822.468102	180.000000	364.503447
295.827314	822.468047	170.000000	364.503471
296.943537	822.467991	220.000000	364.503496
295.571804	822.467940	110.000000	364.503518
294.883235	822.467896	120.000000	364.503538
297.053611	822.467852	140.000000	364.503558
295.214429	822.467802	130.000000	364.503580
295.737519	822.467751	120.000000	364.503602
298.473347	822.467698	60.000000	364.503626
296.785847	822.467650	110.000000	364.503647
297.755225	822.467598	70.000000	364.503670
297.745629	822.467567	70.000000	364.503684
296.940144	822.467604	100.000000	364.503668
297.628857	822.467648	160.000000	364.503648
297.071766	822.467689	120.000000	364.503630
297.616382	822.467738	100.000000	364.503608
296.099978	822.467788	80.000000	364.503586
295.185143	822.467830	140.000000	364.503567
297.239834	822.467880	130.000000	364.503545
294.962563	822.467940	80.000000	364.503518
298.400009	822.467983	100.000000	364.503500
294.673181	822.468026	120.000000	364.503481
297.318786	822.468079	110.000000	364.503457
295.992754	822.468130	210.000000	364.503434
295.948005	822.468178	250.000000	364.503413
297.555687	822.468233	310.000000	364.503389
296.067135	822.468284	380.000000	364.503366
295.703243	822.468335	350.000000	364.503344
295.779781	822.468397	380.000000	364.503316
293.823303	822.468442	480.000000	364.503296
293.110538	822.468482	650.000000	364.503279
296.474195	822.468534	470.000000	364.503255
296.083347	822.468580	800.000000	364.503235
295.551750	822.468628	820.000000	364.503213
295.207634	822.468683	750.000000	364.503189
295.401695	822.468737	820.000000	364.503165
296.247621	822.468782	940.000000	364.503146
296.959067	822.468835	910.000000	364.503122
295.392141	822.468886	1030.000000	364.503099
294.742124	822.468931	980.000000	364.503079
295.350155	822.468978	1080.000000	364.503059
294.422450	822.469028	1270.000000	364.503036
296.019384	822.469076	990.000000	364.503015
294.661913	822.469128	990.000000	364.502992
297.684165	822.469176	1190.000000	364.502971
297.213713	822.469245	940.000000	364.502940
296.620763	822.469291	770.000000	364.502920
295.089407	822.469330	930.000000	364.502902
295.298019	822.469384	670.000000	364.502879
294.939150	822.469435	760.000000	364.502856
295.240850	822.469481	470.000000	364.502835
294.490556	822.469540	560.000000	364.502810
295.181624	822.469586	530.000000	364.502789
296.861807	822.469639	410.000000	364.502766
296.907551	822.469700	410.000000	364.502739
295.784031	822.469747	230.000000	364.502718
295.096077	822.469789	200.000000	364.502699
294.503875	822.469831	240.000000	364.502680
294.910558	822.469878	230.000000	364.502660
296.056399	822.469925	140.000000	364.502639
293.684967	822.469975	230.000000	364.502617
296.091471	822.470013	200.000000	364.502600
296.777394	822.469972	140.000000	364.502618
294.024095	822.469923	60.000000	364.502640
296.361345	822.469881	160.000000	364.502658
295.583190	822.469840	100.000000	364.502676
294.846935	822.469800	130.000000	364.502694
296.950178	822.469753	180.000000	364.502715
294.919236	822.469710	200.000000	364.502734
